rhs:
Tensor([[0 0 0]
 [0 0 0]
 [0 0 0]]) 
Tensor([[0 0 0]
 [0 0 0]
 [0 0 0]]) 
Tensor([[0 0 0]
 [0 0 0]
 [0 0 0]]) 
Tensor([[0 0 0]
 [0 0 0]
 [0 0 0]]) 
Tensor([[0 0 0]
 [0 0 0]
 [0 0 0]]) 
Tensor([[0 0 0]
 [0 0 0]
 [0 0 0]]) 
Tensor([[0 0 0]
 [0 0 0]
 [0 0 0]]) 
Tensor([[0 0 0]
 [0 0 0]
 [0 0 0]]) 
Tensor([[0 0 0]
 [0 0 0]
 [0 0 0]]) 
Tensor([[0 0 0]
 [0 0 0]
 [0 0 0]]) 
Tensor([[0 0 0]
 [0 0 0]
 [0 0 0]]) 
Tensor([[0 0 0]
 [0 0 0]
 [0 0 0]]) 
Tensor([[-0. -0. -0.]
 [-0. -0. -0.]
 [-0. -0. -0.]]) 
Tensor([[-0. -0. -0.]
 [-0. -0. -0.]
 [-0. -0. -0.]]) 
Tensor([[-0. -0. -0.]
 [-0. -0. -0.]
 [-0. -0. -0.]]) 
Tensor([[-0. -0. -0.]
 [-0. -0. -0.]
 [-0. -0. -0.]]) 
Tensor([[-0. -0. -0.]
 [-0. -0. -0.]
 [-0. -0. -0.]]) 
Tensor([[-0. -0. -0.]
 [-0. -0. -0.]
 [-0. -0. -0.]]) 
Tensor([[-0. -0. -0.]
 [-0. -0. -0.]
 [-0. -0. -0.]]) 
Tensor([[-0. -0. -0.]
 [-0. -0. -0.]
 [-0. -0. -0.]]) 
Tensor([[-0. -0. -0.]
 [-0. -0. -0.]
 [-0. -0. -0.]]) 
Tensor([[0 0 0]
 [0 0 0]
 [0 0 0]]) 
Tensor([[0 0 0]
 [0 0 0]
 [0 0 0]]) 
Tensor([[-0. -0. -0.]
 [-0. -0. -0.]
 [-0. -0. -0.]]) 
Tensor([[ 5.  5. -0.]
 [ 5.  5. -0.]
 [-0. -0. -0.]]) 
Tensor([[ 2.5  2.5 -0. ]
 [-2.5 -2.5 -0. ]
 [-0.  -0.  -0. ]]) 
Tensor([[ 1.25  1.25 -0.  ]
 [-1.25 -1.25 -0.  ]
 [-0.   -0.   -0.  ]]) 
Tensor([[ 0.625  0.625 -0.   ]
 [-0.625 -0.625 -0.   ]
 [-0.    -0.    -0.   ]]) 
Tensor([[ 0.31249998  0.31249998 -0.        ]
 [-0.31250002 -0.31250002 -0.        ]
 [-0.         -0.         -0.        ]]) 
Tensor([[ 0.15624972  0.15624972 -0.        ]
 [-0.15625026 -0.15625026 -0.        ]
 [-0.         -0.         -0.        ]]) 
Tensor([[ 0.07812189  0.07812189 -0.        ]
 [-0.07812783 -0.07812783 -0.        ]
 [-0.         -0.         -0.        ]]) 
Tensor([[ 0.03903134  0.03903134 -0.        ]
 [-0.03909055 -0.03909055 -0.        ]
 [-0.         -0.         -0.        ]]) 
Tensor([[0 0 0]
 [0 0 0]
 [0 0 0]]) 
Tensor([[0 0 0]
 [0 0 0]
 [0 0 0]]) 
Tensor([[-0. -0. -0.]
 [-0. -0. -0.]
 [-0. -0. -0.]]) 
Tensor([[-2.5 -2.5 -0. ]
 [ 2.5  2.5 -0. ]
 [-0.  -0.  -0. ]]) 
Tensor([[ 2.5  2.5 -0. ]
 [ 2.5  2.5 -0. ]
 [-0.  -0.  -0. ]]) 
Tensor([[ 1.85131167  1.85131167 -0.        ]
 [-1.89868833 -1.89868833 -0.        ]
 [-0.         -0.         -0.        ]]) 
Tensor([[ 1.2193932   1.2193932  -0.        ]
 [-1.25691847 -1.25691847 -0.        ]
 [-0.         -0.         -0.        ]]) 
Tensor([[ 4.68750002  4.68750002 -0.        ]
 [ 3.1556068   3.1556068  -0.        ]
 [-0.         -0.         -0.        ]]) 
Tensor([[8251.06862163 8251.06862163   -0.        ]
 [8246.22487135 8246.22487135   -0.        ]
 [  -0.           -0.           -0.        ]]) 
Tensor([[   37.29293769    37.29293769    -0.        ]
 [-8213.85381177 -8213.85381177    -0.        ]
 [   -0.            -0.            -0.        ]]) 
Tensor([[  3.8900326    3.8900326   -0.        ]
 [-33.44199564 -33.44199564  -0.        ]
 [ -0.          -0.          -0.        ]]) 
Tensor([[0 0 0]
 [0 0 0]
 [0 0 0]]) 
Tensor([[0 0 0]
 [0 0 0]
 [0 0 0]]) 
Tensor([[-0. -0. -0.]
 [-0. -0. -0.]
 [-0. -0. -0.]]) 
Tensor([[-1.25 -1.25 -0.  ]
 [ 1.25  1.25 -0.  ]
 [-0.   -0.   -0.  ]]) 
Tensor([[-1.89868833 -1.89868833 -0.        ]
 [ 1.85131167  1.85131167 -0.        ]
 [-0.         -0.         -0.        ]]) 
Tensor([[ 1.89868833  1.89868833 -0.        ]
 [ 1.89868833  1.89868833 -0.        ]
 [-0.         -0.         -0.        ]]) 
Tensor([[ 1.46004457  1.46004457 -0.        ]
 [-1.69556223 -1.69556223 -0.        ]
 [-0.         -0.         -0.        ]]) 
Tensor([[89252139.2236842  89252139.2236842        -0.        ]
 [89252140.91924633 89252140.91924633       -0.        ]
 [      -0.               -0.               -0.        ]]) 
Tensor([[ -2016248.35633009  -2016248.35633009        -0.        ]
 [-91260141.35514295 -91260141.35514295        -0.        ]
 [       -0.                -0.                -0.        ]]) 
Tensor([[  56477.97067973   56477.97067973      -0.        ]
 [2064512.47319806 2064512.47319806      -0.        ]
 [     -0.              -0.              -0.        ]]) 
Tensor([[  3109.68789439   3109.68789439     -0.        ]
 [-53401.72478099 -53401.72478099     -0.        ]
 [    -0.             -0.             -0.        ]]) 
Tensor([[0 0 0]
 [0 0 0]
 [0 0 0]]) 
Tensor([[0 0 0]
 [0 0 0]
 [0 0 0]]) 
Tensor([[-0. -0. -0.]
 [-0. -0. -0.]
 [-0. -0. -0.]]) 
Tensor([[-0.625 -0.625 -0.   ]
 [ 0.625  0.625 -0.   ]
 [-0.    -0.    -0.   ]]) 
Tensor([[-1.25691847 -1.25691847 -0.        ]
 [ 1.2193932   1.2193932  -0.        ]
 [-0.         -0.         -0.        ]]) 
Tensor([[-1.69556223 -1.69556223 -0.        ]
 [ 1.46004457  1.46004457 -0.        ]
 [-0.         -0.         -0.        ]]) 
Tensor([[ 1.69556223  1.69556223 -0.        ]
 [ 1.69556223  1.69556223 -0.        ]
 [-0.         -0.         -0.        ]]) 
Tensor([[-94795531.78394498 -94795531.78394498        -0.        ]
 [ -5543392.56026078  -5543392.56026078        -0.        ]
 [       -0.                -0.                -0.        ]]) 
Tensor([[2801052.16840915 2801052.16840915      -0.        ]
 [6336442.59721118 6336442.59721118      -0.        ]
 [     -0.              -0.              -0.        ]]) 
Tensor([[ 150942.77857345  150942.77857345      -0.        ]
 [-585596.91663764 -585596.91663764      -0.        ]
 [     -0.              -0.              -0.        ]]) 
Tensor([[  -8883.19328397   -8883.19328397      -0.        ]
 [-213227.69663841 -213227.69663841      -0.        ]
 [     -0.              -0.              -0.        ]]) 
Tensor([[0 0 0]
 [0 0 0]
 [0 0 0]]) 
Tensor([[0 0 0]
 [0 0 0]
 [0 0 0]]) 
Tensor([[-0. -0. -0.]
 [-0. -0. -0.]
 [-0. -0. -0.]]) 
Tensor([[-0.31250002 -0.31250002 -0.        ]
 [ 0.31249998  0.31249998 -0.        ]
 [-0.         -0.         -0.        ]]) 
Tensor([[ 3.1556068   3.1556068  -0.        ]
 [ 4.68750002  4.68750002 -0.        ]
 [-0.         -0.         -0.        ]]) 
Tensor([[89252140.91924633 89252140.91924633       -0.        ]
 [89252139.2236842  89252139.2236842        -0.        ]
 [      -0.               -0.               -0.        ]]) 
Tensor([[ -5543392.56026078  -5543392.56026078        -0.        ]
 [-94795531.78394498 -94795531.78394498        -0.        ]
 [       -0.                -0.                -0.        ]]) 
Tensor([[7409036.46806702 7409036.46806702      -0.        ]
 [7409036.46806702 7409036.46806702      -0.        ]
 [     -0.              -0.              -0.        ]]) 
Tensor([[ 190625.60976373  190625.60976373      -0.        ]
 [-881968.26109211 -881968.26109211      -0.        ]
 [     -0.              -0.              -0.        ]]) 
Tensor([[ -251315.12731468  -251315.12731468       -0.        ]
 [-1027537.65371605 -1027537.65371605       -0.        ]
 [      -0.               -0.               -0.        ]]) 
Tensor([[ 6177.45667976  6177.45667976    -0.        ]
 [44264.88735604 44264.88735604    -0.        ]
 [   -0.            -0.            -0.        ]]) 
Tensor([[0 0 0]
 [0 0 0]
 [0 0 0]]) 
Tensor([[0 0 0]
 [0 0 0]
 [0 0 0]]) 
Tensor([[-0. -0. -0.]
 [-0. -0. -0.]
 [-0. -0. -0.]]) 
Tensor([[-0.15625026 -0.15625026 -0.        ]
 [ 0.15624972  0.15624972 -0.        ]
 [-0.         -0.         -0.        ]]) 
Tensor([[8246.22487135 8246.22487135   -0.        ]
 [8251.06862163 8251.06862163   -0.        ]
 [  -0.           -0.           -0.        ]]) 
Tensor([[-91260141.35514295 -91260141.35514295        -0.        ]
 [ -2016248.3563301   -2016248.3563301         -0.        ]
 [       -0.                -0.                -0.        ]]) 
Tensor([[6336442.59721118 6336442.59721118      -0.        ]
 [2801052.16840915 2801052.16840915      -0.        ]
 [     -0.              -0.              -0.        ]]) 
Tensor([[-881968.26109211 -881968.26109211      -0.        ]
 [ 190625.60976373  190625.60976373      -0.        ]
 [     -0.              -0.              -0.        ]]) 
Tensor([[-1060653.48746839 -1060653.48746839       -0.        ]
 [-1060653.48746839 -1060653.48746839       -0.        ]
 [      -0.               -0.               -0.        ]]) 
Tensor([[44197.03985647 44197.03985647    -0.        ]
 [77312.87360881 77312.87360881    -0.        ]
 [   -0.            -0.            -0.        ]]) 
Tensor([[-401.7868298  -401.7868298    -0.        ]
 [-333.93933023 -333.93933023   -0.        ]
 [  -0.           -0.           -0.        ]]) 
Tensor([[0 0 0]
 [0 0 0]
 [0 0 0]]) 
Tensor([[0 0 0]
 [0 0 0]
 [0 0 0]]) 
Tensor([[-0. -0. -0.]
 [-0. -0. -0.]
 [-0. -0. -0.]]) 
Tensor([[-0.07812783 -0.07812783 -0.        ]
 [ 0.07812189  0.07812189 -0.        ]
 [-0.         -0.         -0.        ]]) 
Tensor([[-8213.85381177 -8213.85381177    -0.        ]
 [   37.29293769    37.29293769    -0.        ]
 [   -0.            -0.            -0.        ]]) 
Tensor([[2064512.47319806 2064512.47319806      -0.        ]
 [  56477.97067973   56477.97067973      -0.        ]
 [     -0.              -0.              -0.        ]]) 
Tensor([[-585596.91663764 -585596.91663764      -0.        ]
 [ 150942.77857345  150942.77857345      -0.        ]
 [     -0.              -0.              -0.        ]]) 
Tensor([[-1027537.65371605 -1027537.65371605       -0.        ]
 [ -251315.12731468  -251315.12731468       -0.        ]
 [      -0.               -0.               -0.        ]]) 
Tensor([[77312.87360881 77312.87360881    -0.        ]
 [44197.03985647 44197.03985647    -0.        ]
 [   -0.            -0.            -0.        ]]) 
Tensor([[-256.31827428 -256.31827428   -0.        ]
 [-256.31827428 -256.31827428   -0.        ]
 [  -0.           -0.           -0.        ]]) 
Tensor([[ 41.00844275  41.00844275  -0.        ]
 [-36.6126132  -36.6126132   -0.        ]
 [ -0.          -0.          -0.        ]]) 
Tensor([[0 0 0]
 [0 0 0]
 [0 0 0]]) 
Tensor([[0 0 0]
 [0 0 0]
 [0 0 0]]) 
Tensor([[-0. -0. -0.]
 [-0. -0. -0.]
 [-0. -0. -0.]]) 
Tensor([[-0.03909055 -0.03909055 -0.        ]
 [ 0.03903134  0.03903134 -0.        ]
 [-0.         -0.         -0.        ]]) 
Tensor([[-33.44199564 -33.44199564  -0.        ]
 [  3.8900326    3.8900326   -0.        ]
 [ -0.          -0.          -0.        ]]) 
Tensor([[-53401.72478099 -53401.72478099     -0.        ]
 [  3109.68789439   3109.68789439     -0.        ]
 [    -0.             -0.             -0.        ]]) 
Tensor([[-213227.69663841 -213227.69663841      -0.        ]
 [  -8883.19328397   -8883.19328397      -0.        ]
 [     -0.              -0.              -0.        ]]) 
Tensor([[44264.88735604 44264.88735604    -0.        ]
 [ 6177.45667976  6177.45667976    -0.        ]
 [   -0.            -0.            -0.        ]]) 
Tensor([[-333.93933023 -333.93933023   -0.        ]
 [-401.7868298  -401.7868298    -0.        ]
 [  -0.           -0.           -0.        ]]) 
Tensor([[-36.6126132  -36.6126132   -0.        ]
 [ 41.00844275  41.00844275  -0.        ]
 [ -0.          -0.          -0.        ]]) 
Tensor([[-57.25366153 -57.25366153  -0.        ]
 [-57.25366153 -57.25366153  -0.        ]
 [ -0.          -0.          -0.        ]]) 
Tensor([[0 0 0]
 [0 0 0]
 [0 0 0]]) 
Tensor([[0 0 0]
 [0 0 0]
 [0 0 0]]) 
Tensor([[0 0 0]
 [0 0 0]
 [0 0 0]]) 
Tensor([[0 0 0]
 [0 0 0]
 [0 0 0]]) 
Tensor([[0 0 0]
 [0 0 0]
 [0 0 0]]) 
Tensor([[0 0 0]
 [0 0 0]
 [0 0 0]]) 
Tensor([[0 0 0]
 [0 0 0]
 [0 0 0]]) 
Tensor([[0 0 0]
 [0 0 0]
 [0 0 0]]) 
Tensor([[0 0 0]
 [0 0 0]
 [0 0 0]]) 
Tensor([[0 0 0]
 [0 0 0]
 [0 0 0]]) 
Tensor([[0 0 0]
 [0 0 0]
 [0 0 0]]) 
Tensor([[0 0 0]
 [0 0 0]
 [0 0 0]]) 



